# unix_time, cycles_done, cur_path, paths_total, pending_total, pending_favs, map_size, unique_crashes, unique_hangs, max_depth, execs_per_sec
1555392182, 0, 0, 15, 15, 6, 15.57%, 0, 0, 1, 0.68
1555392201, 0, 0, 17, 17, 6, 15.60%, 0, 0, 2, 0.78
1555392253, 0, 0, 18, 18, 6, 15.64%, 0, 0, 2, 0.90
1555392311, 0, 0, 19, 19, 6, 15.70%, 0, 0, 2, 0.84
1555392368, 0, 0, 20, 20, 6, 15.78%, 0, 0, 2, 0.89
1555392419, 0, 0, 21, 21, 6, 15.82%, 0, 0, 2, 0.83
1555392469, 0, 0, 22, 22, 6, 15.88%, 0, 0, 2, 0.87
1555392521, 0, 0, 23, 23, 6, 15.93%, 0, 0, 2, 1.04
1555392565, 0, 0, 24, 24, 6, 15.95%, 0, 0, 2, 0.90
1555392616, 0, 0, 25, 25, 6, 15.99%, 0, 0, 2, 0.94
1555392670, 0, 0, 26, 26, 6, 16.08%, 0, 0, 2, 0.91
1555392727, 0, 0, 27, 27, 6, 16.18%, 0, 0, 2, 0.89
1555392780, 0, 0, 28, 28, 6, 16.21%, 0, 0, 2, 0.97
1555392832, 0, 0, 29, 29, 6, 16.32%, 0, 0, 2, 0.88
1555392885, 0, 0, 30, 30, 6, 16.38%, 0, 0, 2, 0.85
1555392942, 0, 0, 31, 31, 6, 16.45%, 0, 0, 2, 0.87
1555392995, 0, 0, 32, 32, 6, 16.51%, 0, 0, 2, 0.90
1555393047, 0, 0, 33, 33, 6, 16.55%, 0, 0, 2, 0.88
1555393117, 0, 0, 34, 34, 6, 16.66%, 0, 0, 2, 1.09
1555393122, 0, 0, 35, 35, 6, 16.66%, 0, 0, 2, 1.03
1555393179, 0, 0, 36, 36, 6, 16.75%, 0, 0, 2, 0.74
1555393240, 0, 0, 37, 37, 6, 16.84%, 0, 0, 2, 0.85
1555393298, 0, 0, 38, 38, 6, 16.89%, 0, 0, 2, 0.80
1555393362, 0, 0, 39, 39, 6, 16.94%, 0, 0, 2, 0.82
1555393384, 0, 0, 40, 40, 6, 17.05%, 0, 0, 2, 0.87
1555393441, 0, 0, 41, 41, 6, 17.09%, 0, 0, 2, 0.88
1555393487, 0, 0, 42, 42, 6, 17.12%, 0, 0, 2, 0.93
1555393521, 0, 0, 43, 43, 6, 17.17%, 0, 0, 2, 0.92
1555393551, 0, 0, 44, 44, 6, 17.23%, 0, 0, 2, 0.81
1555393557, 0, 0, 45, 45, 6, 17.24%, 0, 0, 2, 0.81
1555393573, 0, 0, 46, 46, 6, 17.24%, 0, 0, 2, 0.83
1555393607, 0, 0, 47, 47, 6, 17.29%, 0, 0, 2, 14.95
1555393620, 0, 0, 48, 48, 6, 17.30%, 0, 0, 2, 0.61
1555393638, 0, 0, 49, 49, 6, 17.32%, 0, 0, 2, 0.73
1555393707, 0, 0, 50, 50, 6, 17.36%, 1, 0, 2, 0.82
1555393772, 0, 0, 51, 51, 6, 17.46%, 1, 0, 2, 0.97
1555393808, 0, 0, 52, 52, 6, 17.49%, 1, 0, 2, 0.71
1555393871, 0, 0, 53, 53, 6, 17.53%, 1, 0, 2, 0.88
1555393944, 0, 0, 54, 54, 6, 17.55%, 1, 0, 2, 0.78
1555394001, 0, 0, 55, 55, 6, 17.60%, 1, 0, 2, 0.93
1555394072, 0, 0, 56, 56, 6, 17.63%, 1, 0, 2, 0.85
1555394078, 0, 0, 57, 57, 6, 17.64%, 1, 0, 2, 0.85
1555394138, 0, 0, 58, 58, 6, 17.67%, 1, 0, 2, 0.89
1555394205, 0, 0, 59, 59, 6, 17.73%, 2, 0, 2, 0.84
1555394269, 0, 0, 60, 60, 6, 17.76%, 2, 0, 2, 0.83
1555394292, 0, 0, 61, 61, 6, 17.76%, 2, 0, 2, 0.88
1555394348, 0, 0, 62, 62, 6, 17.78%, 2, 0, 2, 0.96
1555394413, 0, 0, 63, 63, 6, 17.81%, 2, 0, 2, 0.92
1555394477, 0, 0, 64, 64, 6, 17.82%, 2, 0, 2, 0.87
1555394504, 0, 0, 65, 65, 6, 17.85%, 2, 0, 2, 0.95
1555394568, 0, 0, 66, 66, 6, 17.87%, 2, 0, 2, 1.00
1555394620, 0, 0, 67, 67, 6, 17.90%, 2, 0, 2, 0.96
1555394671, 0, 0, 68, 68, 6, 17.93%, 2, 0, 2, 0.72
1555394720, 0, 0, 69, 69, 6, 17.94%, 2, 0, 2, 0.90
1555394777, 0, 0, 70, 70, 6, 17.97%, 2, 0, 2, 1.00
1555394846, 0, 0, 71, 71, 6, 18.00%, 2, 0, 2, 0.88
1555394920, 0, 0, 72, 72, 6, 18.03%, 2, 0, 2, 0.68
1555394992, 0, 0, 73, 73, 6, 18.08%, 2, 0, 2, 0.74
1555395072, 0, 0, 74, 74, 6, 18.11%, 2, 0, 2, 0.50
1555395120, 0, 0, 75, 75, 6, 18.15%, 2, 0, 2, 0.79
1555395148, 0, 0, 76, 76, 6, 18.15%, 2, 0, 2, 0.76
1555395213, 0, 0, 77, 77, 6, 18.19%, 3, 0, 2, 0.93
1555395230, 0, 0, 78, 78, 6, 18.19%, 3, 0, 2, 1.02
1555395295, 0, 0, 79, 79, 6, 18.22%, 3, 0, 2, 0.86
1555395355, 0, 0, 80, 80, 6, 18.27%, 3, 0, 2, 0.83
1555395416, 0, 0, 81, 81, 6, 18.29%, 3, 0, 2, 0.84
1555395472, 0, 0, 82, 82, 6, 18.32%, 3, 0, 2, 0.91
1555395544, 0, 0, 83, 83, 6, 18.33%, 3, 0, 2, 0.83
1555395573, 0, 0, 84, 84, 6, 18.33%, 4, 0, 2, 0.85
1555395578, 0, 0, 85, 85, 6, 18.34%, 4, 0, 2, 0.85
1555395643, 0, 0, 86, 86, 6, 18.36%, 4, 0, 2, 0.91
1555395704, 0, 0, 87, 87, 6, 18.38%, 4, 0, 2, 0.81
1555395764, 0, 0, 88, 88, 6, 18.41%, 4, 0, 2, 0.78
1555395822, 0, 0, 89, 89, 6, 18.43%, 4, 0, 2, 17.95
1555395840, 0, 0, 90, 90, 6, 18.44%, 4, 0, 2, 0.63
1555395881, 0, 0, 91, 91, 6, 18.48%, 4, 0, 2, 0.81
1555395939, 0, 0, 92, 92, 6, 18.50%, 4, 0, 2, 0.86
1555395998, 0, 0, 93, 93, 6, 18.53%, 4, 0, 2, 0.84
1555396036, 0, 0, 94, 94, 6, 18.54%, 4, 0, 2, 0.84
1555396081, 0, 0, 95, 95, 6, 18.54%, 4, 0, 2, 0.89
1555396141, 0, 0, 96, 96, 6, 18.56%, 4, 0, 2, 0.91
1555396201, 0, 0, 97, 97, 6, 18.58%, 4, 0, 2, 0.87
1555396206, 0, 0, 98, 98, 6, 18.59%, 4, 0, 2, 0.87
1555396272, 0, 0, 99, 99, 6, 18.62%, 4, 0, 2, 0.85
1555396334, 0, 0, 100, 100, 6, 18.63%, 4, 0, 2, 0.90
1555396394, 0, 0, 101, 101, 6, 18.64%, 4, 0, 2, 0.85
1555396463, 0, 0, 102, 102, 6, 18.66%, 4, 0, 2, 0.88
1555396520, 0, 0, 103, 103, 6, 18.70%, 4, 0, 2, 0.87
1555396553, 0, 0, 104, 104, 6, 18.72%, 4, 0, 2, 0.18
1555396609, 0, 0, 105, 105, 6, 18.72%, 4, 0, 2, 0.92
1555396684, 0, 0, 106, 106, 6, 18.73%, 4, 0, 2, 0.81
1555396748, 0, 0, 107, 107, 6, 18.75%, 4, 0, 2, 0.84
1555396779, 0, 0, 108, 108, 6, 18.76%, 4, 0, 2, 0.82
1555396796, 0, 0, 109, 109, 6, 18.76%, 4, 0, 2, 0.83
1555396835, 0, 0, 110, 110, 6, 18.77%, 4, 0, 2, 0.87
1555396895, 0, 0, 111, 111, 6, 18.78%, 4, 0, 2, 0.84
1555396956, 0, 0, 112, 112, 6, 18.79%, 4, 0, 2, 0.74
1555397019, 0, 0, 113, 113, 6, 18.80%, 4, 0, 2, 0.86
1555397069, 0, 0, 114, 114, 6, 18.81%, 4, 0, 2, 0.84
1555397143, 0, 0, 115, 115, 6, 18.82%, 4, 0, 2, 0.76
1555397215, 0, 0, 116, 116, 6, 18.84%, 4, 0, 2, 0.94
1555397266, 0, 0, 117, 117, 6, 18.86%, 4, 0, 2, 26.79
1555397327, 0, 0, 118, 118, 6, 18.87%, 4, 0, 2, 0.86
1555397395, 0, 0, 119, 119, 6, 18.88%, 4, 0, 2, 1.02
1555397481, 0, 0, 120, 120, 6, 18.90%, 4, 0, 2, 0.86
1555397543, 0, 0, 121, 121, 6, 18.91%, 4, 0, 2, 0.89
1555397571, 0, 0, 122, 122, 6, 18.92%, 4, 0, 2, 0.94
1555397605, 0, 0, 123, 123, 6, 18.95%, 4, 0, 2, 0.81
1555397671, 0, 0, 124, 124, 6, 18.98%, 4, 0, 2, 0.90
1555397715, 0, 0, 125, 125, 6, 19.00%, 4, 0, 2, 0.83
1555397776, 0, 0, 126, 126, 6, 19.01%, 4, 0, 2, 0.90
1555397826, 0, 0, 127, 127, 6, 19.04%, 4, 0, 2, 0.86
1555397832, 0, 0, 128, 128, 6, 19.04%, 4, 0, 2, 0.87
1555397844, 0, 0, 129, 129, 6, 19.04%, 4, 0, 2, 0.91
1555397916, 0, 0, 130, 130, 6, 19.06%, 4, 0, 2, 0.87
1555397984, 0, 0, 131, 131, 6, 19.06%, 4, 0, 2, 0.84
1555398001, 0, 0, 132, 132, 6, 19.07%, 4, 0, 2, 0.84
1555398062, 0, 0, 133, 133, 6, 19.09%, 4, 0, 2, 0.85
1555398126, 0, 0, 134, 134, 6, 19.10%, 4, 0, 2, 0.85
1555398147, 0, 0, 135, 135, 6, 19.10%, 4, 0, 2, 1.05
1555398186, 0, 0, 136, 136, 6, 19.11%, 4, 0, 2, 0.92
1555398259, 0, 0, 137, 137, 6, 19.11%, 4, 0, 2, 0.93
1555398315, 0, 0, 138, 138, 6, 19.15%, 4, 0, 2, 0.85
1555398378, 0, 0, 139, 139, 6, 19.15%, 4, 0, 2, 0.87
1555398397, 0, 0, 140, 140, 6, 19.16%, 4, 0, 2, 0.85
1555398455, 0, 0, 141, 141, 6, 19.17%, 4, 0, 2, 0.85
1555398571, 0, 0, 142, 142, 6, 19.18%, 4, 0, 2, 0.88
1555398606, 0, 0, 143, 143, 6, 19.19%, 4, 0, 2, 0.85
1555398705, 0, 0, 144, 144, 6, 19.21%, 4, 0, 2, 0.87
1555398781, 0, 0, 145, 145, 6, 19.23%, 4, 0, 2, 0.87
1555398840, 0, 0, 146, 146, 6, 19.24%, 4, 0, 2, 0.84
1555398856, 0, 0, 147, 147, 6, 19.24%, 4, 0, 2, 0.84
1555398924, 0, 0, 148, 148, 6, 19.26%, 4, 0, 2, 0.90
1555398989, 0, 0, 149, 149, 6, 19.27%, 4, 0, 2, 0.84
1555399006, 0, 0, 150, 150, 6, 19.27%, 4, 0, 2, 0.87
1555399062, 0, 0, 151, 151, 6, 19.29%, 4, 0, 2, 0.90
1555399134, 0, 0, 152, 152, 6, 19.30%, 4, 0, 2, 1.20
1555399174, 0, 0, 153, 153, 6, 19.31%, 4, 0, 2, 0.90
1555399224, 0, 0, 154, 154, 6, 19.32%, 4, 0, 2, 0.84
1555399236, 0, 0, 155, 155, 6, 19.32%, 4, 0, 2, 0.83
1555399320, 0, 0, 156, 156, 6, 19.34%, 4, 0, 2, 0.91
1555399385, 0, 0, 157, 157, 6, 19.35%, 4, 0, 2, 1.17
1555399471, 0, 0, 158, 158, 6, 19.36%, 4, 0, 2, 0.62
1555399532, 0, 0, 158, 158, 6, 19.37%, 5, 0, 2, 0.88
1555399544, 0, 0, 159, 159, 6, 19.38%, 5, 0, 2, 0.88
1555399604, 0, 0, 160, 160, 6, 19.40%, 5, 0, 2, 0.84
1555399677, 0, 0, 161, 161, 6, 19.43%, 5, 0, 2, 0.86
1555399744, 0, 0, 162, 162, 6, 19.44%, 5, 0, 2, 0.89
1555399816, 0, 0, 163, 163, 6, 19.45%, 5, 0, 2, 0.90
1555399896, 0, 0, 164, 164, 6, 19.48%, 5, 0, 2, 0.83
1555399929, 0, 0, 165, 165, 6, 19.49%, 5, 0, 2, 0.81
1555399970, 0, 0, 166, 166, 6, 19.50%, 5, 0, 2, 0.85
1555400032, 0, 0, 167, 167, 6, 19.53%, 5, 0, 2, 0.79
1555400107, 0, 0, 168, 168, 6, 19.57%, 5, 0, 2, 0.78
1555400172, 0, 0, 169, 169, 6, 19.58%, 5, 0, 2, 0.84
1555400194, 0, 0, 170, 170, 6, 19.58%, 5, 0, 2, 0.84
1555400265, 0, 0, 170, 170, 6, 19.59%, 6, 0, 2, 0.87
1555400275, 0, 0, 171, 171, 6, 19.59%, 6, 0, 2, 0.93
1555400343, 0, 0, 172, 172, 6, 19.60%, 6, 0, 2, 0.90
1555400411, 0, 0, 173, 173, 6, 19.61%, 6, 0, 2, 0.82
1555400486, 0, 0, 174, 174, 6, 19.62%, 6, 0, 2, 0.83
1555400549, 0, 0, 175, 175, 6, 19.64%, 6, 0, 2, 0.84
1555400617, 0, 0, 176, 176, 6, 19.66%, 6, 0, 2, 0.82
1555400684, 0, 0, 177, 177, 6, 19.66%, 6, 0, 2, 0.83
1555400748, 0, 0, 178, 178, 6, 19.68%, 6, 0, 2, 0.82
1555400804, 0, 0, 179, 179, 6, 19.69%, 6, 0, 2, 0.84
1555400852, 0, 0, 180, 180, 6, 19.69%, 6, 0, 2, 0.84
1555400922, 0, 0, 181, 181, 6, 19.71%, 6, 0, 2, 0.85
1555400933, 0, 0, 182, 182, 6, 19.71%, 6, 0, 2, 0.85
1555400995, 0, 0, 183, 183, 6, 19.71%, 6, 0, 2, 0.98
1555401074, 0, 0, 184, 184, 6, 19.72%, 6, 0, 2, 0.85
1555401138, 0, 0, 185, 185, 6, 19.74%, 6, 0, 2, 0.84
1555401202, 0, 0, 186, 186, 6, 19.74%, 6, 0, 2, 0.71
1555401279, 0, 0, 187, 187, 6, 19.76%, 6, 0, 2, 0.82
1555401347, 0, 0, 187, 187, 6, 19.78%, 7, 0, 2, 0.86
1555401353, 0, 0, 188, 188, 6, 19.78%, 7, 0, 2, 0.85
1555401414, 0, 0, 189, 189, 6, 19.79%, 7, 0, 2, 0.87
1555401487, 0, 0, 190, 190, 6, 19.79%, 7, 0, 2, 0.83
1555401548, 0, 0, 191, 191, 6, 19.80%, 7, 0, 2, 0.86
1555401571, 0, 0, 192, 192, 6, 19.80%, 7, 0, 2, 0.85
1555401620, 0, 0, 192, 192, 6, 19.80%, 8, 0, 2, 0.88
1555401651, 0, 0, 193, 193, 6, 19.80%, 8, 0, 2, 0.16
1555401664, 0, 0, 194, 194, 6, 19.80%, 8, 0, 2, 1.38
1555401669, 0, 0, 195, 195, 6, 19.80%, 8, 0, 2, 1.30
1555401727, 0, 0, 196, 196, 6, 19.81%, 8, 0, 2, 0.96
1555401750, 0, 0, 197, 197, 6, 19.81%, 8, 0, 2, 0.88
1555401812, 0, 0, 198, 198, 6, 19.83%, 8, 0, 2, 0.84
1555401888, 0, 0, 199, 199, 6, 19.85%, 8, 0, 2, 0.88
1555401949, 0, 0, 200, 200, 6, 19.87%, 8, 0, 2, 0.84
1555401974, 0, 0, 201, 201, 6, 19.87%, 8, 0, 2, 0.85
1555401986, 0, 0, 202, 202, 6, 19.87%, 8, 0, 2, 0.84
1555402024, 0, 0, 203, 203, 6, 19.88%, 9, 0, 2, 0.81
1555402088, 0, 0, 204, 204, 6, 19.88%, 9, 0, 2, 0.84
1555402131, 0, 0, 205, 205, 6, 19.89%, 9, 0, 2, 0.93
1555402186, 0, 0, 206, 206, 6, 19.91%, 9, 0, 2, 0.87
1555402269, 0, 0, 207, 207, 6, 19.92%, 9, 0, 2, 0.55
1555402340, 0, 0, 208, 208, 6, 19.93%, 10, 0, 2, 0.81
1555402408, 0, 0, 209, 209, 6, 19.94%, 10, 0, 2, 0.88
1555402468, 0, 0, 210, 210, 6, 19.95%, 10, 0, 2, 0.97
1555402486, 0, 0, 211, 211, 6, 19.95%, 10, 0, 2, 0.89
1555402512, 0, 0, 212, 212, 6, 19.95%, 10, 0, 2, 0.84
1555402565, 0, 0, 213, 213, 6, 20.02%, 10, 0, 2, 1.06
1555402628, 0, 0, 214, 214, 6, 20.02%, 10, 0, 2, 0.85
1555402691, 0, 0, 215, 215, 6, 20.03%, 10, 0, 2, 0.86
1555402756, 0, 0, 216, 216, 6, 20.04%, 11, 0, 2, 0.70
1555402803, 0, 0, 217, 217, 6, 20.05%, 11, 0, 2, 0.83
1555402871, 0, 0, 217, 217, 6, 20.06%, 12, 0, 2, 0.85
1555402877, 0, 0, 218, 218, 6, 20.07%, 12, 0, 2, 0.84
1555402985, 0, 0, 219, 219, 6, 20.08%, 12, 0, 2, 0.85
1555403002, 0, 0, 220, 220, 6, 20.09%, 12, 0, 2, 0.96
1555403065, 0, 0, 220, 220, 6, 20.09%, 13, 0, 2, 0.83
1555403071, 0, 0, 221, 221, 6, 20.10%, 13, 0, 2, 0.83
1555403137, 0, 0, 222, 222, 6, 20.11%, 13, 0, 2, 0.90
1555403225, 0, 0, 223, 223, 6, 20.11%, 13, 0, 2, 0.81
1555403285, 0, 0, 224, 224, 6, 20.13%, 13, 0, 2, 0.75
1555403359, 0, 0, 225, 225, 6, 20.13%, 13, 0, 2, 0.89
1555403419, 0, 0, 226, 226, 6, 20.14%, 13, 0, 2, 0.80
1555403476, 0, 0, 227, 227, 6, 20.15%, 13, 0, 2, 0.93
1555403545, 0, 0, 228, 228, 6, 20.16%, 13, 0, 2, 0.84
1555403582, 0, 0, 229, 229, 6, 20.17%, 13, 0, 2, 0.82
1555403591, 0, 0, 230, 230, 6, 20.17%, 13, 0, 2, 0.81
1555403656, 0, 0, 231, 231, 6, 20.18%, 13, 0, 2, 0.85
1555403715, 0, 0, 232, 232, 6, 20.19%, 13, 0, 2, 0.84
1555403779, 0, 0, 233, 233, 6, 20.21%, 13, 0, 2, 0.85
1555403825, 0, 0, 234, 234, 6, 20.22%, 13, 0, 2, 19.34
1555403869, 0, 0, 235, 235, 6, 20.22%, 13, 0, 2, 0.91
1555403923, 0, 0, 236, 236, 6, 20.22%, 13, 0, 2, 0.83
1555403969, 0, 0, 237, 237, 6, 20.23%, 13, 0, 2, 0.92
1555404047, 0, 0, 238, 238, 6, 20.23%, 13, 0, 2, 0.90
1555404101, 0, 0, 239, 239, 6, 20.25%, 13, 0, 2, 0.84
1555404167, 0, 0, 240, 240, 6, 20.26%, 13, 0, 2, 0.78
1555404211, 0, 0, 241, 241, 6, 20.27%, 13, 0, 2, 0.88
1555404222, 0, 0, 242, 242, 6, 20.27%, 13, 0, 2, 0.88
1555404287, 0, 0, 243, 243, 6, 20.29%, 13, 0, 2, 0.91
1555404363, 0, 0, 244, 244, 6, 20.32%, 13, 0, 2, 0.82
1555404379, 0, 0, 245, 245, 6, 20.32%, 13, 0, 2, 0.84
1555404415, 0, 0, 246, 246, 6, 20.32%, 13, 0, 2, 11.22
1555404492, 0, 0, 247, 247, 6, 20.33%, 13, 0, 2, 0.81
1555404595, 0, 0, 248, 248, 6, 20.35%, 13, 0, 2, 0.93
1555404618, 0, 0, 249, 249, 6, 20.35%, 13, 0, 2, 0.86
1555404679, 0, 0, 250, 250, 6, 20.37%, 13, 0, 2, 0.93
1555404753, 0, 0, 251, 251, 6, 20.38%, 13, 0, 2, 0.84
1555404815, 0, 0, 252, 252, 6, 20.40%, 13, 0, 2, 0.89
1555404878, 0, 0, 253, 253, 6, 20.40%, 13, 0, 2, 0.85
1555404939, 0, 0, 253, 253, 6, 20.40%, 14, 0, 2, 0.83
1555404949, 0, 0, 254, 254, 6, 20.41%, 14, 0, 2, 0.90
1555405005, 0, 0, 255, 255, 6, 20.42%, 14, 0, 2, 0.87
1555405033, 0, 0, 256, 256, 6, 20.42%, 14, 0, 2, 0.84
1555405044, 0, 0, 257, 257, 6, 20.42%, 14, 0, 2, 0.84
1555405104, 0, 0, 258, 258, 6, 20.44%, 14, 0, 2, 0.85
1555405159, 0, 0, 259, 259, 6, 20.45%, 14, 0, 2, 1.10
1555405220, 0, 0, 260, 260, 6, 20.46%, 14, 0, 2, 0.85
1555405281, 0, 0, 261, 261, 6, 20.47%, 14, 0, 2, 0.85
1555405346, 0, 0, 262, 262, 6, 20.48%, 14, 0, 2, 0.83
1555405412, 0, 0, 263, 263, 6, 20.48%, 14, 0, 2, 0.84
1555405480, 0, 0, 264, 264, 6, 20.50%, 14, 0, 2, 0.85
1555405542, 0, 0, 265, 265, 6, 20.51%, 14, 0, 2, 0.94
1555405606, 0, 0, 266, 266, 6, 20.52%, 14, 0, 2, 0.89
1555405669, 0, 0, 267, 267, 6, 20.53%, 14, 0, 2, 0.95
1555405755, 0, 0, 268, 268, 6, 20.54%, 14, 0, 2, 0.90
1555405818, 0, 0, 269, 269, 6, 20.58%, 14, 0, 2, 1.02
1555405894, 0, 0, 270, 270, 6, 20.58%, 14, 0, 2, 0.91
1555405959, 0, 0, 271, 271, 6, 20.59%, 14, 0, 2, 0.84
1555406031, 0, 0, 272, 272, 6, 20.61%, 14, 0, 2, 0.87
1555406092, 0, 0, 273, 273, 6, 20.63%, 14, 0, 2, 0.88
1555406109, 0, 0, 274, 274, 6, 20.63%, 14, 0, 2, 0.91
1555406182, 0, 0, 275, 275, 6, 20.66%, 14, 0, 2, 0.78
1555406263, 0, 0, 276, 276, 6, 20.68%, 14, 0, 2, 0.85
1555406333, 0, 0, 277, 277, 6, 20.69%, 14, 0, 2, 0.78
1555406396, 0, 0, 278, 278, 6, 20.69%, 14, 0, 2, 0.89
1555406407, 0, 0, 279, 279, 6, 20.69%, 14, 0, 2, 0.88
1555406413, 0, 0, 280, 280, 6, 20.70%, 14, 0, 2, 0.87
1555406494, 0, 0, 281, 281, 6, 20.70%, 14, 0, 2, 0.84
1555406558, 0, 0, 282, 282, 6, 20.70%, 14, 0, 2, 0.83
1555406577, 0, 0, 283, 283, 6, 20.71%, 14, 0, 2, 0.95
1555406642, 0, 0, 284, 284, 6, 20.72%, 14, 0, 2, 0.85
